4 -
(0, 0)
(0, 1)

15 +
(0, 2)
(0, 3)
(1, 2)

14 +
(0, 4)
(0, 5)

7 -
(0, 6)
(1, 6)

2 /
(0, 7)
(0, 8)

2 /
(1, 0)
(2, 0)

2 -
(1, 1)
(2, 1)

90 *
(1, 3)
(2, 3)
(2, 4)

12 *
(1, 4)
(1, 5)

1 -
(1, 7)
(1, 8)

7 *
(2, 2)
(3, 2)

11 +
(2, 5)
(3, 5)

24 *
(2, 6)
(3, 6)

3 /
(2, 7)
(2, 8)

1 -
(3, 0)
(4, 0)

13 +
(3, 1)
(4, 1)

16 *
(3, 3)
(4, 3)
(4, 2)

11 +
(3, 4)
(4, 4)

56 *
(3, 7)
(3, 8)

9 +
(4, 5)
(5, 5)

2 -
(4, 6)
(4, 7)

4 -
(4, 8)
(5, 8)

3 -
(5, 0)
(6, 0)

3 /
(5, 1)
(5, 2)

3 /
(5, 3)
(5, 4)

72 *
(5, 6)
(5, 7)

45 *
(6, 1)
(7, 1)
(8, 1)
(7, 2)

5 -
(6, 2)
(6, 3)

320 *
(6, 4)
(7, 4)
(7, 3)

2 /
(6, 5)
(6, 6)

11 +
(6, 7)
(6, 8)

1 -
(7, 0)
(8, 0)

17 +
(7, 5)
(7, 6)
(7, 7)

2 /
(7, 8)
(8, 8)

9 +
(8, 2)
(8, 3)

54 *
(8, 4)
(8, 5)

3 /
(8, 6)
(8, 7)

